20
4 4 8 4 7 10 10 8 7 7 2 6 5 5 5 4 10 1 7 6
0 10 18 12 11 11 12 4 4 9 9 12 1 11 15 20 7 11 11 2
10 0 5 9 16 12 17 19 11 0 0 2 4 13 12 0 2 1 11 14
18 5 0 5 14 1 15 5 0 5 18 19 10 9 9 12 12 18 5 3
12 9 5 0 12 3 13 12 1 15 15 13 5 15 15 6 5 7 9 17
11 16 14 12 0 8 3 0 6 8 18 4 16 4 14 8 16 9 11 20
11 12 1 3 8 0 1 13 10 11 14 2 5 6 7 18 1 11 1 8
12 17 15 13 3 1 0 0 18 14 3 18 20 10 14 4 3 18 16 11
4 19 5 12 0 13 0 0 12 4 0 9 3 13 19 13 4 0 16 11
4 11 0 1 6 10 18 12 0 6 14 10 17 13 16 15 8 9 17 4
9 0 5 15 8 11 14 4 6 0 6 4 18 8 7 13 3 17 4 6
9 0 18 15 18 14 3 0 14 6 0 17 13 9 7 9 20 9 10 16
12 2 19 13 4 2 18 9 10 4 17 0 18 16 7 7 10 20 2 5
1 4 10 5 16 5 20 3 17 18 13 18 0 7 9 1 9 14 5 6
11 13 9 15 4 6 10 13 13 8 9 16 7 0 1 10 18 3 6 1
15 12 9 15 14 7 14 19 16 7 7 7 9 1 0 9 0 13 16 7
20 0 12 6 8 18 4 13 15 13 9 7 1 10 9 0 1 16 17 9
7 2 12 5 16 1 3 4 8 3 20 10 9 18 0 1 0 9 12 2
11 1 18 7 9 11 18 0 9 17 9 20 14 3 13 16 9 0 16 20
11 11 5 9 11 1 16 16 17 4 10 2 5 6 16 17 12 16 0 13
2 14 3 17 20 8 11 11 4 6 16 5 6 1 7 9 2 20 13 0