15
2 9 2 8 2 1 4 8 2 2 1 3 8 7 9
0 3 0 16 11 19 11 10 14 4 8 14 10 10 1
3 0 4 10 1 15 1 3 11 1 13 18 16 15 13
0 4 0 15 8 6 18 11 6 13 20 3 1 10 15
16 10 15 0 6 16 8 16 5 9 20 14 11 12 13
11 1 8 6 0 14 1 12 6 19 8 19 11 0 7
19 15 6 16 14 0 16 18 18 20 9 18 2 10 5
11 1 18 8 1 16 0 17 16 0 2 11 3 12 9
10 3 11 16 12 18 17 0 17 0 0 8 14 1 20
14 11 6 5 6 18 16 17 0 19 19 5 15 7 6
4 1 13 9 19 20 0 0 19 0 1 2 1 18 2
8 13 20 20 8 9 2 0 19 1 0 10 13 2 0
14 18 3 14 19 18 11 8 5 2 10 0 18 18 16
10 16 1 11 11 2 3 14 15 1 13 18 0 18 20
10 15 10 12 0 10 12 1 7 18 2 18 18 0 5
1 13 15 13 7 5 9 20 6 2 0 16 20 5 0