25
4 9 8 4 8 10 9 10 7 2 6 1 2 5 1 2 5 4 5 2 5 2 1 8 1
0 19 1 4 19 20 5 9 17 18 4 19 14 4 16 6 3 16 20 20 12 14 7 1 10
19 0 1 0 20 7 19 18 12 15 19 14 14 16 19 0 12 14 4 10 8 9 4 12 10
1 1 0 20 11 10 10 3 15 11 13 14 11 10 0 7 7 10 2 3 3 14 19 20 14
4 0 20 0 8 14 17 17 20 3 0 11 11 20 0 19 7 3 13 18 14 6 7 2 5
19 20 11 8 0 14 9 15 14 11 19 7 7 16 20 16 7 14 12 6 17 10 16 5 7
20 7 10 14 14 0 14 4 15 15 15 10 8 20 17 8 4 9 18 17 2 8 13 8 15
5 19 10 17 9 14 0 9 5 8 16 17 18 0 13 7 16 16 13 7 20 5 1 13 15
9 18 3 17 15 4 9 0 7 12 12 16 14 19 11 10 19 17 3 6 11 12 9 18 5
17 12 15 20 14 15 5 7 0 5 15 5 16 0 19 12 11 5 9 16 4 1 10 12 13
18 15 11 3 11 15 8 12 5 0 20 7 6 18 18 15 17 14 18 0 2 7 8 18 12
4 19 13 0 19 15 16 12 15 20 0 11 11 18 7 9 14 17 20 18 5 15 1 5 2
19 14 14 11 7 10 17 16 5 7 11 0 13 16 2 18 2 18 15 15 12 6 12 11 7
14 14 11 11 7 8 18 14 16 6 11 13 0 19 17 4 8 7 15 3 12 1 18 8 0
4 16 10 20 16 20 0 19 0 18 18 16 19 0 15 12 13 16 17 16 7 12 16 4 12
16 19 0 0 20 17 13 11 19 18 7 2 17 15 0 11 18 6 3 1 16 12 8 14 8
6 0 7 19 16 8 7 10 12 15 9 18 4 12 11 0 11 0 13 3 3 5 5 0 11
3 12 7 7 7 4 16 19 11 17 14 2 8 13 18 11 0 5 15 2 19 9 17 12 16
16 14 10 3 14 9 16 17 5 14 17 18 7 16 6 0 5 0 7 7 20 17 18 17 3
20 4 2 13 12 18 13 3 9 18 20 15 15 17 3 13 15 7 0 19 19 17 8 4 9
20 10 3 18 6 17 7 6 16 0 18 15 3 16 1 3 2 7 19 0 16 15 9 7 17
12 8 3 14 17 2 20 11 4 2 5 12 12 7 16 3 19 20 19 16 0 12 12 1 13
14 9 14 6 10 8 5 12 1 7 15 6 1 12 12 5 9 17 17 15 12 0 2 4 5
7 4 19 7 16 13 1 9 10 8 1 12 18 16 8 5 17 18 8 9 12 2 0 3 0
1 12 20 2 5 8 13 18 12 18 5 11 8 4 14 0 12 17 4 7 1 4 3 0 14
10 10 14 5 7 15 15 5 13 12 2 7 0 12 8 11 16 3 9 17 13 5 0 14 0